=============1  (f v)=============
outer
xOut = [0.00, -1.03, -2.26, -3.87, -2.35, 0.00 , 2.35, 3.87, 2.26, 1.03, 0.00]
yOut = [1.42, 1.68, 1.29, 0.12, -1.73, -2.36, -1.73, 0.12, 1.29, 1.68, 1.42]

inner
xIn = [0.00, -0.74, -2.22, -0.74, 0.00, 0.74, 2.22, 0.74, 0.00]
yIn = [0.36, 0.38, 0.23, 0.12, 0.00, 0.12, 0.23, 0.38, 0.36]

=============2  (er ow...)=============
outer
xOut = [0.00, -1.00, -2.37, -3.65, -2.78, 0.00, 2.78, 3.65, 2.37, 1.00, 0.00]
yOut = [1.81, 2.19, 1.57, 0.15, -1.49, -2.59, -1.49, 0.15, 1.57, 2.19, 1.81]

inner
xIn = [0.00, -1.09, -2.38, -1.07, 0.00, 1.07, 2.38, 1.09, 0.00]
yIn = [0.47, 0.54, 0.30, -0.04, -0.33, -0.04, 0.30, 0.54, 0.47]

=============3  (b p m...)=============
outer
xOut = [0.00, -0.76, -2.00, -3.36, -2.13, 0.00, 2.13, 3.36, 2.00, 0.76, 0.00]
yOut = [0.95, 1.38, 1.13, 0.35, -1.25, -2.00, -1.25, 0.35, 1.13, 1.38, 0.95]

inner
xIn = [0.00, -1.10, -2.33, -1.10, 0.00, 1.10, 2.33, 1.10, 0.00]
yIn = [-0.31, 0.00, 0.38, 0.00, -0.31, 0.00, 0.38, 0.00, -0.31]

=============4  (aw)=============
outer
xOut = [0.00, -0.74, -2.10, -3.14, -2.40, 0.00, 2.40, 3.14, 2.10, 0.74, 0.00]
yOut = [1.53, 1.92, 1.40, 0.11, -1.84, -3.10, -1.84, 0.11, 1.40, 1.92, 1.53]

inner
xIn = [0.00, -0.83, -1.63, -0.87, 0.00, 0.87, 1.63, 0.83, 0.00]
yIn = [0.19, 0.19, 0.16, -0.27, -0.48, -0.27, 0.16, 0.19, 0.19]

=============5  (th)=============
outer
xOut = [0.00, -0.89, -2.14, -3.25, -2.31, 0.00, 2.31, 3.25, 2.14, 0.89, 0.00]
yOut = [1.82, 2.20, 1.69, 0.24, -1.78, -2.7, -1.78, 0.24, 1.69, 2.20, 1.82]

inner
xIn = [0.00, -0.73, -1.36, -0.73, 0.00, 0.73, 1.36, 0.73, 0.00]
yIn = [0.48, 0.52, 0.44, 0.00, -0.20, 0.01, 0.44, 0.52, 0.48]

=============6  (ch)=============
outer
xOut = [0.00, -1.05, -2.33, -3.26, -2.40, 0.00, 2.40, 3.26, 2.33, 1.05, 0.00]
yOut = [1.64, 1.98, 1.45, 0.20, -2.00, -2.95, -2.00, 0.20, 1.45, 1.98, 1.64]

inner
xIn = [0.00, -0.95, -1.86, -1.08, 0.00, 1.08, 1.86, 0.95, 0.00]
yIn = [0.48, 0.48, 0.23, -0.33, -0.52,-0.33, 0.23, 0.48, 0.48]

=============7  (ao)=============
outer
xOut = [0.00, -1.01, -2.39, -3.63, -2.66, 0.00, 2.66, 3.63, 2.39, 1.01, 0.00]
yOut = [1.73, 2.08, 1.56, 0.17, -1.74, -2.79, -1.74, 0.17, 1.56, 2.08, 1.73]

inner
xIn = [0.00, -1.19, -2.55, -1.16, 0.00, 1.16, 2.55, 1.19, 0.00]
yIn = [0.48, 0.56, 0.23, -0.25, -0.44, -0.25, 0.23, 0.56, 0.48]

=============8  (sz)=============
outer
xOut = [0.00, -0.88, -2.46, -3.41, -2.22, 0.00, 2.22, 3.41, 2.46, 0.88, 0.00]
yOut = [1.73, 1.98, 1.31, 0.00, -1.65, -2.45, -1.65, 0.00, 1.31, 1.98, 1.73]

inner
xIn = [0.00, -0.93, -1.80, -0.93, 0.00, 0.93, 1.80, 0.93, 0.00]
yIn = [0.34, 0.32, 0.17, -0.03, -0.24, -0.03, 0.17, 0.32, 0.34]

=============9  (aa)=============
outer
xOut = [0.00, -0.88, -2.23, -3.47, -2.37, 0.00, 2.37, 3.47, 2.23, 0.88, 0.00]
yOut = [1.73, 1.98, 1.31, 0.07, -2.02, -2.91, -2.02, 0.07, 1.31, 1.98, 1.73]

inner
xIn = [0.00, -1.33, -2.66, -1.37, 0.00, 1.37, 2.66, 1.33, 0.00]
yIn = [0.42, 0.47, 0.20, -0.27, -0.52, -0.27, 0.20, 0.47, 0.42]

=============10  (ld)=============
outer
xOut = [0.00, -1.10, -2.42, -3.49, -2.37, 0.00, 2.37, 3.49, 2.42, 1.10, 0.00]
yOut = [1.40, 1.68, 1.10, -0.03, -2.02, -2.88, -2.02, -0.03, 1.10, 1.68, 1.40]

inner
xIn = [0.00, -1.33, -2.46, -1.35, 0.00, 1.35, 2.46, 1.33, 0.00]
yIn = [0.00, 0.19, 0.11, -0.19, -0.43, -0.19, 0.11, 0.19, 0.00]

=============11  (gk)=============
outer
xOut = [0.00, -0.93, -2.33, -3.45, -2.63, 0.00, 2.63, 3.45, 2.33, 0.93, 0.00]
yOut = [1.50, 1.86, 1.33, 0.23, -1.57, -2.87, 1.57, 0.23, 1.33, 1.86, 1.50]

inner
xIn = [0.00, -1.27, -2.53, -1.35, 0.00, 1.35, 2.53, 1.27, 0.00]
yIn = [0.38, 0.47, 0.31, -0.19, -0.47, 0.19, 0.31, 0.47, 0.38]
