=============0 (silence)=============
outer
xOut = [0.00,-1.05,-2.75,-4.30, -2.75, 0.00, 2.75, 4.30, 2.75, 1.05, 0.00]
yOut = [1.50, 1.80, 1.22, 0.12, -1.57, -2.57, -1.57, 0.12, 1.22, 1.80, 1.50]

inner
xIn = [0.00, -1.31, -2.87, -1.32, 0.00, 1.32, 2.87, 1.31, 0.00]
yIn = [0.00, 0.20, 0.23, 0.21, 0.00, 0.21, 0.23, 0.20, 0.00]

=============1  (f v)=============
outer
xOut = [0,00, -1.10, -2.63, -4.12, -2.65, 0.00, 2.65, 4.12, 2.63, 1.10, 0.00]
yOut = [1.34, 1.69, 1.23, 0.25, -1.30, -2.08, -1.30, 0.25, 1.23, 1.69, 1.34]

inner
xIn = [0.00, -0.93, -1.78, -0.74, 0.00, 0.74, 1.78, 0.93, 0.00]
yIn = [0.64, 0.75, 0.50, 0.22, 0.00, 0.22, 0.50, 0.75, 0.64]

=============2  (er ow...)=============
outer
xOut = [0.00, -1.14, -2.78, -4.18, -2.94, 0.00, 2.94, 4.18, 2.78, 1.14, 0.00]
yOut = [1.69, 2.11, 1.36, -0.12, -2.23, -3.25, -2.23, -0.12, 1.36, 2.11, 1.69]

inner
xIn = [0.00, -1.21, -2.85, -1.35, 0.00, 1.35, 2.85, 1.21, 0.00]
yIn = [0.27, 0.33, -0.11, -0.47, -0.76, -0.47 ,-0.11, 0.33, 0.27]

=============3  (b p m...)=============
outer
xOut = [0.00, -0.60, -2.17, -3.90, -2.81, 0.00, 2.81, 3.90, 2.17, 0.60, 0.00] 
yOut = [0.99, 1.28, 0.97, 0.44, -1.01, -1.98, -1.01, 0.44, 0.97, 1.28, 0.99]

inner
xIn = [0.00, -1.26, -2.83, -1.9, 0.00, 1.9, 2.83, 1.26, 0.00]
yIn = [-0.11, 0.06, 0.25, -0.06, -0.25, -0.06, 0.25, 0.06, -0.11]

=============4  (aw)=============
outer
xOut = [0.00, -1.00, -2.49, -3.73, -2.69, 0.00, 2.69,3.73, 2.49, 1.00, 0.00] 
yOut = [1.90, 2.37, 1.84, 0.26, -2.02, -3.17, -2.02, 0.26, 1.84, 2.37, 1.90]

inner
xIn = [0.00, -1.17, -2.38, -1.31, 0.00, 1.31, 2.38, 1.17, 0.00]
yIn = [0.49, 0.60, 0.29, -0.28, -0.58, -0.28, 0.29, 0.60, 0.49]

=============5  (th)=============
outer
xOut = [0.00, -0.67, -2.58, -3.84, -2.69, 0.00, 2.69, 3.84, 2.58, 0.67, 0.00] 
yOut = [2.40, 2.81, 1.92, 0.09, -2.02, -3.23, -2.02, 0.09, 1.92, 2.81, 2.40]

inner
xIn = [0.00, -2.03, -2.9, -1.45, 0.00, 1.45, 2.9, 2.03, 0.00]
yIn = [0.90, 0.78, 0.10, -0.47, -0.58, -0.47, 0.10, 0.78, 0.90]

=============6  (ch)=============
outer
xOut = [0.00, -1.02, -2.58, -3.80, -2.63, 0.00, 2.63, 3.80, 2.58, 1.02, 0.00] 
yOut = [2.27, 2.57, 1.92, -0.01, -2.14, -3.35, -2.14, -0.01, 1.92, 2.57, 2.27]

inner
xIn = [0.00, -1.30, -1.98, -1.16, 0.00, 1.16, 1.98, 1.30, 0.00]
yIn = [0.57, 0.53, 0.10, -0.48, -0.6, -0.48, 0.10, 0.53, 0.57]

=============7  (ao)=============
outer
xOut = [0.00, -0.96, -2.25, -3.52, -2.48, 0.00, 2.48, 3.52, 2.25, 0.96, 0.00] 
yOut = [2.08, 2.30, 1.62, 0.15, -1.95, -3.09, -1.95, 0.15, 1.62, 2.30, 2.08]

inner
xIn = [0.00, -1.26, -1.84, -1.22, 0.00, 1.22, 1.84, 1.26, 0.00]
yIn = [0.38, 0.37, 0.15, -0.15, -0.42, -0.15, 0.15, 0.37, 0.38]

=============8  (sz)=============
outer
xOut = [0.00, -0.83, -2.10, -3.39, -2.43, 0.00, 2.43, 3.39, 2.10, 0.83, 0.00] 
yOut = [1.84, 2.17, 1.55, -0.20, -2.17, -3.13, -2.17, -0.20, 1.55, 2.17, 1.84]

inner
xIn = [0.00, -1.27, -2.09, -1.28, 0.00, 1.28, 2.09, 1.27, 0.00]
yIn = [0.34, 0.39, -0.06, -0.53, -0.73, -0.53, -0.06, 0.39, 0.34]

=============9  (aa)=============
outer
xOut = [0.00, -0.83, -2.12, -3.44, -2.34, -0.00, 2.34, 3.44, 2.12, 0.83, 0.00] 
yOut = [2.25, 2.44, 1.70, 0.19, -1.98, -2.96, -1.98, 0.19, 1.70, 2.44, 2.25]

inner
xIn = [0.00, -1.48, -2.99, -1.67, 0.00, 1.67, 2.99, 1.48, 0.00]
yIn = [0.71, 0.83, 0.04, -0.36, -0.69, -0.36, 0.04, 0.83, 0.71]

=============10  (ld)=============
outer
xOut = [0.00, -0.83, -2.09, -3.67, -2.57, 0.00, 2.57, 3.67, 2.09, 0.83, 0.00] 
yOut = [2.03, 2.26, 1.60, 0.00, -2.07, -3.17, -2.07, 0.00, 1.60, 2.26, 2.03]

inner
xIn = [0.00, -1.48, -2.37, -1.42, 0.00, 1.42, 2.37, 1.48, 0.00]
yIn = [0.49, 0.5, 0.14, -0.33, -0.58, -0.33, 0.14, 0.5, 0.49]

=============11  (gk)=============
outer
xOut = [0.00, -0.83, -2.20, -3.49, -2.52, 0.00, 2.52, 3.49, 2.20, 0.83, 0.00] 
yOut = [2.09, 2.26, 1.70, 0.10, -1.94, -3.12, -1.94, 0.19, 1.70, 2.26, 2.09]

inner
xIn = [0.00, -1.51, -2.90, -1.45, 0.00, 1.45, 2.90, 1.51, 0.00]
yIn = [0.69, 0.61, 0.05, -0.48, -0.76, -0.48, 0.05, 0.61, 0.69]
