=============1  (f v)=============
outer
xOut = [0.00, -0.79, -2.08, -3.39, -2.01, 0.00, 2.01, 3.39, 2.08, 0.79, 0.00]
yOut = [1.33, 1.49, 1.16, -0.01, -1.75, -2.60, -1.75, -0.01, 1.16, 1.49, 1.33]

inner
xIn = [0.00, -0.89, -1.51, -0.87, 0.00, 0.87, 1.51, 0.89, 0.00]
yIn = [0.69, 0.60, 0.18, -0.19, -0.48, -0.19, 0.18, 0.60, 0.69]

=============2  (er ow...)=============
outer
xOut = [0.00, -0.85, -2.46, -3.07, -2.61, 0.00, 2.61, 3.07, 2.46, 0.85, 0.00]
yOut = [2.82, 2.96, 2.11, 0.41, -1.63, -3.68, -1.63, 0.41, 2.11, 2.96, 2.82]

inner
xIn = [0.00, -1.50, -2.52, -1.51, 0.00, 1.51, 2.52, 1.50, 0.00]
yIn = [1.42, 1.37, 0.18, -0.85, -1.44, -0.85, 0.18, 1.37, 1.42]

=============3  (b p m...)=============
outer
xOut = [0.00, -0.83, -2.38, -3.31, -2.09, 0.00, 2.09, 3.31, 2.38, 0.83,0.00]
yOut = [0.84, 1.04, 0.88, 0.35, -0.59, -0.85, -0.59, 0.35, 0.88, 1.04, 0.84]

inner
xIn = [0.00, -1.22, -3.05, -1.23, 0.00, 1.23, 3.05, 1.22, 0.00]
yIn = [0.00, 0.30, 0.47, 0.21, 0.00, 0.21, 0.47, 0.30, 0.00]

=============4  (aw)=============
outer
xOut = [0.00, -0.74, -2.08, -3.38, -2.50, 0.00, 2.50, 3.38, 2.08, 0.74, 0.00]
yOut = [1.96, 2.18, 1.89, 0.29, -1.90, -3.07, -1.90, 0.29, 1.89, 2.18, 1.96]

inner
xIn = [0.00, -1.17, -2.10, -1.22, 0.00, 1.22, 2.10, 1.17, 0.00]
yIn = [0.50, 0.68, 0.18, -0.41, -0.7, -0.41, 0.18, 0.68, 0.50]

=============5  (th)=============
outer
xOut = [0.00,-1.12, -2.43, -3.63, -2.85, 0.00, 2.85, 3.63, 2.43, 1.12, 0.00]
yOut = [2.33, 2.67, 2.09, 0.34, -2.28, -3.51, -2.28, 0.34, 2.09, 2.67, 2.33]

inner
xIn = [0.00,-1.13, -2.10, -1.25, 0.00, 1.25, 2.10, 1.13, 0.00]
yIn = [0.95, 0.90, 0.16, -0.90, -1.03, -0.90, 0.16, 0.90, 0.95]

=============6  (ch)=============
outer
xOut = [0.00, -1.59, -2.97, -3.21, -2.78, 0.00, 2.78, 3.21, 2.97, 1.59, 0.00]
yOut = [3.2-, 3.51, 2.72, 0.26, -2.41, -3.86, -2.41, 0.26, 2.72, 3.51, 3.20]

inner
xIn = [0.00, -1.10, -2.07, -1.15, 0.00, 1.15, 2.07, 1.10, 0.00]
yIn = [1.72, 1.62, 0.24, -0.83, -1.46, -0.83,0.24, 1.62, 1.72]

=============7  (ao)=============
outer
xOut = [0.00, -0.99, -2.88, -3.83, -2.82, 0.00, 2.82, 3.83, 2.88, 0.99, 0.00]
yOut = [2.70, 2.90, 1.96, 0.13, -2.06, -3.86, -2.06, 0.13, 1.96, 2.90, 2.70]

inner
xIn = [0.00, -1.94, -3.49, -1.91, 0.00, 1.91, 3.49, 1.94, 0.00]
yIn = [1.3o, 1.09, 0.12, -0.91, -1.55, -0.91, 0.12, 1.09, 1.30]

=============8  (sz)=============
outer
xOut = [0.00, -1.08, -2.88, -4.04, -2.86, 0.00, 2.86, 4.04, 2.88, 1.08, 0.00]
yOut = [2.70, 2.92, 1.96, 0.21, -2.14, -3.38, -2.14, 0.21, 1.96, 2.92, 2.70]

inner
xIn = [0.00, -1.94, -3.83, -1.91, 0.00, 1.91, 3.83, 1.94, 0.00]
yIn = [1.30, 1.09, 0.20, -0.91, -1.22, -0.91, 0.20, 1.09, 1.30]

=============9  (aa)=============
outer
xOut = [0.00, -0.97, -2.90, -3.49, -2.71, 0.00, 2.71, 3.49, 2.90, 0.97, 0.00]
yOut = [2.84, 2.92, 2.06, 0.26, -2.04, -4.11, -2.04, 0.26, 2.06, 2.92, 2.84]

inner
xIn = [0.00, -2.02, -3.39, -2.11, 0.00, 2.11, 3.39, 2.02, 0.00]
yIn = [1.68, 1.34, 0.26, -1.25, -2.18, -1.25, 0.26, 1.34, 1.68]

=============10  (ld)=============
outer
xOut = [0.00, -0.92, -2.85, -4.38, -3.39, 0.00, 3.39, 4.38, 2.85, 0.92, 0.00]
yOut = [1.76, 1.89, 1.61, 0.20, -1.98, -3.58, -1.98, 0.20, 1.61, 1.89, 1.76]

inner
xIn = [0.00, -1.72, -4.04, -1.68, 0.00, 1.68, 4.04, 1.72, 0.00]
yIn = [0.59, 0.84, 0.17, -1.42, -1.58, -1.42, 0.17, 0.84, 0.59]

=============11  (gk)=============
outer
xOut = [0.00, -1.17, -2.85, -3.91, -2.97, 0.00, 2.97, 3.91, 2.85, 1.17, 0.00]
yOut = [2.19, 2.51, 1.70, 0.21, -1.74, -4.15, -1.74, 0.21, 1.70, 2.51, 2.19]

inner
xIn = [0.00, -1.52, -3.45, -1.71, 0.00, 1.71, 3.25, 1.52, 0.00]
yIn = [1.05, 0.98, 0.19, -0.98, -1.82, -0.98, 0.19, 0.98, 1.05]
